[
(('expt1', 'net1', 'x2', 0.0), array([ -1.18708117e-08,  -1.45070729e-05,              nan,
                    nan,              nan,  -2.17343592e-05,
         3.10581096e-03,              nan,  -4.89583431e-06])),
(('expt1', 'net1', 'x2', 0.1), array([ -1.19853882e-08,  -1.40530505e-05,              nan,
                    nan,              nan,  -2.13921330e-05,
         2.44039405e-03,              nan,  -4.89284561e-06])),
(('expt1', 'net1', 'x2', 0.2), array([ -1.25045358e-08,  -1.26793791e-05,              nan,
                    nan,              nan,  -2.01321335e-05,
         1.78347959e-03,              nan,  -4.82042171e-06])),
(('expt1', 'net1', 'x2', 0.30000000000000004), array([ -1.32552717e-08,  -1.03886893e-05,              nan,
                    nan,              nan,  -1.74851104e-05,
         1.13466762e-03,              nan,  -4.55916514e-06])),
(('expt1', 'net1', 'x2', 0.4000000000000001), array([ -1.35004798e-08,  -7.18203001e-06,              nan,
                    nan,              nan,  -1.29550463e-05,
         4.93530517e-04,              nan,  -3.93935353e-06])),
(('expt1', 'net1', 'x2', 0.5000000000000001), array([ -1.20190109e-08,  -3.05875099e-06,              nan,
                    nan,              nan,  -6.20437039e-06,
        -1.40378934e-04,              nan,  -2.74858875e-06])),
(('expt1', 'net1', 'x2', 0.6000000000000001), array([ -7.24045408e-09,   1.98363268e-06,              nan,
                    nan,              nan,   2.78716272e-06,
        -7.67518483e-04,              nan,  -7.55005346e-07])),
(('expt1', 'net1', 'x2', 0.7000000000000001), array([  2.52758636e-09,   7.94956297e-06,              nan,
                    nan,              nan,   1.35736792e-05,
        -1.38834307e-03,              nan,   2.25342802e-06])),
(('expt1', 'net1', 'x2', 0.8), array([  1.87478597e-08,   1.48455582e-05,              nan,
                    nan,              nan,   2.50901830e-05,
        -2.00328841e-03,              nan,   6.41596193e-06])),
(('expt1', 'net1', 'x2', 0.9), array([  4.21934801e-08,   2.26803110e-05,              nan,
                    nan,              nan,   3.54817252e-05,
        -2.61275031e-03,              nan,   1.17286754e-05])),
(('expt1', 'net1', 'x3', 0.0), array([  1.04540241e-05,  -1.38223199e-05,              nan,
                    nan,              nan,  -3.62684937e-05,
        -1.03323955e-05,              nan,  -2.02178980e-05])),
(('expt1', 'net1', 'x3', 0.1), array([  9.81161834e-06,  -1.34373625e-05,              nan,
                    nan,              nan,  -3.53452807e-05,
        -1.01332460e-05,              nan,  -1.95653756e-05])),
(('expt1', 'net1', 'x3', 0.2), array([  8.12523825e-06,  -1.22060946e-05,              nan,
                    nan,              nan,  -3.23357577e-05,
        -9.40416957e-06,              nan,  -1.76039232e-05])),
(('expt1', 'net1', 'x3', 0.30000000000000004), array([  5.73415929e-06,  -1.01396707e-05,              nan,
                    nan,              nan,  -2.70343424e-05,
        -8.07574349e-06,              nan,  -1.44462129e-05])),
(('expt1', 'net1', 'x3', 0.4000000000000001), array([  2.86167477e-06,  -7.24292449e-06,              nan,
                    nan,              nan,  -1.91218633e-05,
        -6.08648316e-06,              nan,  -1.00742823e-05])),
(('expt1', 'net1', 'x3', 0.5000000000000001), array([ -2.43895734e-07,  -3.51745636e-06,              nan,
                    nan,              nan,  -8.47108510e-06,
        -3.36835720e-06,              nan,  -4.47509700e-06])),
(('expt1', 'net1', 'x3', 0.6000000000000001), array([ -3.27204618e-06,   1.03743404e-06,              nan,
                    nan,              nan,   4.65201541e-06,
         1.55128472e-07,              nan,   2.28651174e-06])),
(('expt1', 'net1', 'x3', 0.7000000000000001), array([ -5.85276185e-06,   6.42445841e-06,              nan,
                    nan,              nan,   1.94305575e-05,
         4.57044739e-06,              nan,   1.00130765e-05])),
(('expt1', 'net1', 'x3', 0.8), array([ -7.56730212e-06,   1.26483406e-05,              nan,
                    nan,              nan,   3.43542155e-05,
         9.97452497e-06,              nan,   1.83256931e-05])),
(('expt1', 'net1', 'x3', 0.9), array([ -7.95661662e-06,   1.97158372e-05,              nan,
                    nan,              nan,   4.70512716e-05,
         1.64755924e-05,              nan,   2.65900792e-05])),
(('expt1', 'net1', 'x0', 0.0), array([  6.48979950e-03,   3.53486850e-08,              nan,
                    nan,              nan,  -1.45134900e-05,
        -1.21228153e-06,              nan,  -1.45526299e-05])),
(('expt1', 'net1', 'x0', 0.1), array([  4.32521371e-03,   3.16366425e-08,              nan,
                    nan,              nan,  -1.25711344e-05,
        -1.08498432e-06,              nan,  -1.26062852e-05])),
(('expt1', 'net1', 'x0', 0.2), array([  1.77764333e-03,   2.61499740e-08,              nan,
                    nan,              nan,  -9.39703822e-06,
        -8.96858264e-07,              nan,  -9.42682052e-06])),
(('expt1', 'net1', 'x0', 0.30000000000000004), array([ -1.28670491e-03,   1.67435660e-08,              nan,
                    nan,              nan,  -4.42686202e-06,
        -5.74339789e-07,              nan,  -4.44752547e-06])),
(('expt1', 'net1', 'x0', 0.4000000000000001), array([ -4.57548316e-03,   1.22946963e-09,              nan,
                    nan,              nan,   2.88634347e-06,
        -4.23661142e-08,              nan,   2.88174524e-06])),
(('expt1', 'net1', 'x0', 0.5000000000000001), array([ -7.52117973e-03,  -2.26497828e-08,              nan,
                    nan,              nan,   1.28097310e-05,
         7.76538128e-07,              nan,   1.28319266e-05])),
(('expt1', 'net1', 'x0', 0.6000000000000001), array([ -9.36892362e-03,  -5.72472778e-08,              nan,
                    nan,              nan,   2.51291659e-05,
         1.96315519e-06,              nan,   2.51927135e-05])),
(('expt1', 'net1', 'x0', 0.7000000000000001), array([ -9.22647808e-03,  -1.05040717e-07,              nan,
                    nan,              nan,   3.89827772e-05,
         3.60256771e-06,              nan,   3.91052894e-05])),
(('expt1', 'net1', 'x0', 0.8), array([ -6.08977251e-03,  -1.68662866e-07,              nan,
                    nan,              nan,   5.27027619e-05,
         5.78520256e-06,              nan,   5.29031055e-05])),
(('expt1', 'net1', 'x0', 0.9), array([  1.14550342e-03,  -2.50932837e-07,              nan,
                    nan,              nan,   6.36487405e-05,
         8.60790359e-06,              nan,   6.39439423e-05])),
(('expt1', 'net1', 'x1', 0.0), array([ -4.46994713e-04,  -5.60900559e-09,              nan,
                    nan,              nan,   1.89088016e-06,
         1.92382658e-07,              nan,   1.89733778e-06])),
(('expt1', 'net1', 'x1', 0.1), array([ -6.42362042e-04,  -2.66158657e-08,              nan,
                    nan,              nan,   8.54058132e-06,
         9.12902868e-07,              nan,   8.57135678e-06])),
(('expt1', 'net1', 'x1', 0.2), array([ -2.45571247e-04,  -4.35490700e-08,              nan,
                    nan,              nan,   1.31775156e-05,
         1.49374027e-06,              nan,   1.32285787e-05])),
(('expt1', 'net1', 'x1', 0.30000000000000004), array([  8.53039365e-04,  -5.45406684e-08,              nan,
                    nan,              nan,   1.53286825e-05,
         1.87083724e-06,              nan,   1.53939472e-05])),
(('expt1', 'net1', 'x1', 0.4000000000000001), array([  2.35035043e-03,  -5.76599416e-08,              nan,
                    nan,              nan,   1.45306949e-05,
         1.97795409e-06,              nan,   1.46011921e-05])),
(('expt1', 'net1', 'x1', 0.5000000000000001), array([  3.67720863e-03,  -5.08895173e-08,              nan,
                    nan,              nan,   1.05858964e-05,
         1.74585161e-06,              nan,   1.06491821e-05])),
(('expt1', 'net1', 'x1', 0.6000000000000001), array([  4.08371964e-03,  -3.21017328e-08,              nan,
                    nan,              nan,   3.75907930e-06,
         1.10148123e-06,              nan,   3.79916805e-06])),
(('expt1', 'net1', 'x1', 0.7000000000000001), array([  2.68775662e-03,   9.67995348e-10,              nan,
                    nan,              nan,  -5.05996319e-06,
        -3.29273681e-08,              nan,  -5.06186108e-06])),
(('expt1', 'net1', 'x1', 0.8), array([ -1.50032559e-03,   5.07493576e-08,              nan,
                    nan,              nan,  -1.42019663e-05,
        -1.74083251e-06,              nan,  -1.42657093e-05])),
(('expt1', 'net1', 'x1', 0.9), array([ -9.56652902e-03,   1.19866284e-07,              nan,
                    nan,              nan,  -2.10555479e-05,
        -4.11237956e-06,              nan,  -2.11990666e-05])),
(('expt1', 'net1', 'x6', 0.0), array([ -8.53346324e-06,   9.16471470e-06,              nan,
                    nan,              nan,  -4.03387310e-03,
        -2.01524232e-03,              nan,   1.67754596e-05])),
(('expt1', 'net1', 'x6', 0.1), array([ -9.20118214e-06,   9.82118186e-06,              nan,
                    nan,              nan,  -3.76386958e-03,
        -1.79283018e-03,              nan,   1.82860516e-05])),
(('expt1', 'net1', 'x6', 0.2), array([ -9.40544938e-06,   9.92227145e-06,              nan,
                    nan,              nan,  -3.20452476e-03,
        -1.54598137e-03,              nan,   1.92642958e-05])),
(('expt1', 'net1', 'x6', 0.30000000000000004), array([ -8.92984333e-06,   9.40902230e-06,              nan,
                    nan,              nan,  -2.24571107e-03,
        -1.27119319e-03,              nan,   1.92691498e-05])),
(('expt1', 'net1', 'x6', 0.4000000000000001), array([ -7.56549976e-06,   8.21499883e-06,              nan,
                    nan,              nan,  -9.53052094e-04,
        -9.64506869e-04,              nan,   1.77608492e-05])),
(('expt1', 'net1', 'x6', 0.5000000000000001), array([ -5.21839435e-06,   6.26545257e-06,              nan,
                    nan,              nan,   4.64049658e-04,
        -6.21462324e-04,              nan,   1.42160006e-05])),
(('expt1', 'net1', 'x6', 0.6000000000000001), array([ -1.99174879e-06,   3.47633781e-06,              nan,
                    nan,              nan,   1.66541347e-03,
        -2.37043705e-04,              nan,   8.24669491e-06])),
(('expt1', 'net1', 'x6', 0.7000000000000001), array([  1.74690384e-06,  -2.46764393e-07,              nan,
                    nan,              nan,   2.18243289e-03,
         1.94378375e-04,              nan,  -2.63303526e-07])),
(('expt1', 'net1', 'x6', 0.8), array([  5.29800948e-06,  -5.00986370e-06,              nan,
                    nan,              nan,   1.40887880e-03,
         6.79111788e-04,              nan,  -1.09974675e-05])),
(('expt1', 'net1', 'x6', 0.9), array([  7.56673163e-06,  -1.09318460e-05,              nan,
                    nan,              nan,  -1.41207712e-03,
         1.22420874e-03,              nan,  -2.30045870e-05])),
(('expt1', 'net1', 'x7', 0.0), array([  0.,   0.,  nan,  nan,  nan,   0.,   0.,  nan,   0.])),
(('expt1', 'net1', 'x7', 0.1), array([  3.39786621e-09,   4.45115656e-08,              nan,
                    nan,              nan,  -2.71791607e-07,
        -4.46108048e-08,              nan,  -5.50938744e-04])),
(('expt1', 'net1', 'x7', 0.2), array([ -1.28222607e-07,   2.74264363e-07,              nan,
                    nan,              nan,  -5.98250622e-07,
        -6.94778026e-08,              nan,  -1.26958631e-03])),
(('expt1', 'net1', 'x7', 0.30000000000000004), array([ -4.76715925e-07,   6.16135322e-07,              nan,
                    nan,              nan,  -7.15433910e-07,
        -8.32201711e-08,              nan,  -2.21520707e-03])),
(('expt1', 'net1', 'x7', 0.4000000000000001), array([ -1.10115589e-06,   9.86070155e-07,              nan,
                    nan,              nan,  -3.10507769e-07,
        -9.13189352e-08,              nan,  -3.28243129e-03])),
(('expt1', 'net1', 'x7', 0.5000000000000001), array([ -1.93826432e-06,   1.28700836e-06,              nan,
                    nan,              nan,   7.62466564e-07,
        -9.57806280e-08,              nan,  -4.22914236e-03])),
(('expt1', 'net1', 'x7', 0.6000000000000001), array([ -2.72503910e-06,   1.40661179e-06,              nan,
                    nan,              nan,   2.27688385e-06,
        -9.46263306e-08,              nan,  -4.68711563e-03])),
(('expt1', 'net1', 'x7', 0.7000000000000001), array([ -2.93495003e-06,   1.21473842e-06,              nan,
                    nan,              nan,   3.41720195e-06,
        -8.11873035e-08,              nan,  -4.16292429e-03])),
(('expt1', 'net1', 'x7', 0.8), array([ -1.71315499e-06,   5.60604143e-07,              nan,
                    nan,              nan,   2.53643598e-06,
        -4.32002701e-08,              nan,  -2.02825432e-03])),
(('expt1', 'net1', 'x7', 0.9), array([  2.18476945e-06,  -7.30556374e-07,              nan,
                    nan,              nan,  -3.13477995e-06,
         3.80419339e-08,              nan,   2.49339128e-03])),
(('expt1', 'net1', 'x4', 0.0), array([  5.43016032e-06,   1.58835742e-07,              nan,
                    nan,              nan,  -2.53442284e-05,
        -5.44945246e-06,              nan,  -2.55290865e-05])),
(('expt1', 'net1', 'x4', 0.1), array([ -4.45646111e-05,   1.70499819e-07,              nan,
                    nan,              nan,   2.20588636e-05,
        -5.85130351e-06,              nan,   2.18405144e-05])),
(('expt1', 'net1', 'x4', 0.2), array([ -1.04996040e-04,   2.00115804e-07,              nan,
                    nan,              nan,   7.67594093e-05,
        -6.87157280e-06,              nan,   7.64606386e-05])),
(('expt1', 'net1', 'x4', 0.30000000000000004), array([ -1.80122940e-04,   2.37699050e-07,              nan,
                    nan,              nan,   1.47980610e-04,
        -8.16642361e-06,              nan,   1.47601042e-04])),
(('expt1', 'net1', 'x4', 0.4000000000000001), array([ -2.59794051e-04,   2.73105637e-07,              nan,
                    nan,              nan,   2.30223162e-04,
        -9.38650888e-06,              nan,   2.29810274e-04])),
(('expt1', 'net1', 'x4', 0.5000000000000001), array([ -3.24566152e-04,   2.95891092e-07,              nan,
                    nan,              nan,   3.05933089e-04,
        -1.01721161e-05,              nan,   3.05564682e-04])),
(('expt1', 'net1', 'x4', 0.6000000000000001), array([ -3.48680038e-04,   2.95154963e-07,              nan,
                    nan,              nan,   3.46591717e-04,
        -1.01478265e-05,              nan,   3.46342209e-04])),
(('expt1', 'net1', 'x4', 0.7000000000000001), array([ -3.01755502e-04,   2.59385293e-07,              nan,
                    nan,              nan,   3.12922316e-04,
        -8.91717049e-06,              nan,   3.12813935e-04])),
(('expt1', 'net1', 'x4', 0.8), array([ -1.49660190e-04,   1.76290939e-07,              nan,
                    nan,              nan,   1.54140634e-04,
        -6.05686355e-06,              nan,   1.54078975e-04])),
(('expt1', 'net1', 'x4', 0.9), array([  1.45092841e-04,   3.26353014e-08,              nan,
                    nan,              nan,  -1.93104633e-04,
        -1.11109138e-06,              nan,  -1.93412444e-04])),
(('expt1', 'net1', 'x5', 0.0), array([  0.,   0.,  nan,  nan,  nan,   0.,   0.,  nan,   0.])),
(('expt1', 'net1', 'x5', 0.1), array([  1.82784491e-06,  -2.76195888e-04,              nan,
                    nan,              nan,   2.05953957e-04,
         1.18916013e-05,              nan,   3.61615103e-04])),
(('expt1', 'net1', 'x5', 0.2), array([  3.94469155e-06,  -4.79270693e-04,              nan,
                    nan,              nan,   1.19445395e-04,
         2.30854898e-05,              nan,   6.63557624e-04])),
(('expt1', 'net1', 'x5', 0.30000000000000004), array([  5.75777191e-06,  -6.03634682e-04,              nan,
                    nan,              nan,  -3.85210331e-04,
         3.24141111e-05,              nan,   8.62028907e-04])),
(('expt1', 'net1', 'x5', 0.4000000000000001), array([  6.74506777e-06,  -6.43171907e-04,              nan,
                    nan,              nan,  -1.22247860e-03,
         3.84437536e-05,              nan,   9.10820768e-04])),
(('expt1', 'net1', 'x5', 0.5000000000000001), array([  6.48304957e-06,  -5.91128057e-04,              nan,
                    nan,              nan,  -2.13386820e-03,
         3.94661080e-05,              nan,   7.80310642e-04])),
(('expt1', 'net1', 'x5', 0.6000000000000001), array([  4.73518695e-06,  -4.40013823e-04,              nan,
                    nan,              nan,  -2.70354150e-03,
         3.34764486e-05,              nan,   4.73682813e-04])),
(('expt1', 'net1', 'x5', 0.7000000000000001), array([  1.56193181e-06,  -1.81503786e-04,              nan,
                    nan,              nan,  -2.36121143e-03,
         1.81461443e-05,              nan,   4.20743644e-05])),
(('expt1', 'net1', 'x5', 0.8), array([ -2.55429797e-06,   1.93674258e-04,              nan,
                    nan,              nan,  -3.71234899e-04,
        -9.21037909e-06,              nan,  -3.99879634e-04])),
(('expt1', 'net1', 'x5', 0.9), array([ -6.58433052e-06,   6.95865345e-04,              nan,
                    nan,              nan,   4.18279021e-03,
        -5.16655642e-05,              nan,  -6.56695572e-04])),
]