time, x0, x1, x2, x3, x4, x5, x6, x7
0.000000000000000000e+00, 2.000000000000000000e+00, 5.000000000000000278e-02, 5.000000000000000278e-02, 5.000000000000000278e-02, 0.000000000000000000e+00, 0.000000000000000000e+00, 2.000000000000000000e+00, 0.000000000000000000e+00
4.733496432556401704e-08, 2.000000000000000000e+00, 5.000009425348821146e-02, 5.000004699462593655e-02, 5.000009425348821146e-02, -2.642363434499862781e-10, -7.610205006830274114e-11, 2.000000047454106422e+00, 4.759920066901399727e-08
1.420048929766920511e-07, 2.000000000000000000e+00, 5.000028276046445536e-02, 5.000014098387780409e-02, 5.000028276046445536e-02, -7.927088561518335063e-10, -2.283063244454940764e-10, 2.000000142362319266e+00, 1.427976018328438627e-07
3.313447502789480928e-07, 2.000000000000000000e+00, 5.000065977441606191e-02, 5.000032896238153224e-02, 5.000065977441606191e-02, -1.849653005908614852e-09, -5.327157490602276845e-10, 2.000000332178744955e+00, 3.331944032848567220e-07
7.100244648834602292e-07, 2.000000000000000000e+00, 5.000141380231593741e-02, 5.000070491938898853e-02, 5.000141380231593741e-02, -3.963537970948445703e-09, -1.141537933576211207e-09, 2.000000711811596332e+00, 7.139880028544087593e-07
1.467383894092484502e-06, 2.000000000000000000e+00, 5.000292185810193551e-02, 5.000145683340390113e-02, 5.000292185810193551e-02, -8.191294140236749831e-09, -2.359196066753828482e-09, 2.000001471077299087e+00, 1.475575188232721134e-06
2.982102752510533047e-06, 2.000000000000000000e+00, 5.000593796961893406e-02, 5.000296066143372631e-02, 5.000593796961893406e-02, -1.664675149221406187e-08, -4.794567333112290025e-09, 2.000002989608705040e+00, 2.998749504002747122e-06
6.011540469346630562e-06, 2.000000000000000000e+00, 5.001197019243264902e-02, 5.000596831749337667e-02, 5.001197019243264902e-02, -3.355744589530054426e-08, -9.665530220403990840e-09, 2.000006026671516501e+00, 6.045097915241930504e-06
1.207041590301882474e-05, 2.000000000000000000e+00, 5.002403463717890186e-02, 5.001198362961267740e-02, 5.002403463717890186e-02, -6.737795354042933218e-08, -1.940833737088388020e-08, 2.000012100797139869e+00, 1.213779385655925246e-05
2.418816677036321141e-05, 2.000000000000000000e+00, 5.004816352314702538e-02, 5.002401425385128581e-02, 5.004816352314702538e-02, -1.350154444479601943e-07, -3.889747691420424851e-08, 2.000024249048387937e+00, 2.432318221481117589e-05
4.842366850505198814e-05, 2.000000000000000000e+00, 5.009642128099037195e-02, 5.004807550232850261e-02, 5.009642128099037195e-02, -2.702763333609655733e-07, -7.788985234261517607e-08, 2.000048545550887624e+00, 4.869394483841296245e-05
9.689467197442953482e-05, 2.000000000000000000e+00, 5.019293674034291941e-02, 5.009619799928293621e-02, 5.019293674034291941e-02, -5.407417770429738964e-07, -1.559309511115940789e-07, 2.000097138555899878e+00, 9.743541375147251411e-05
1.938366789131846417e-04, 2.000000000000000000e+00, 5.038596743401253103e-02, 5.019244299319180341e-02, 5.038596743401253103e-02, -1.081447628923240406e-06, -3.122382392796381468e-07, 2.000194324565980342e+00, 1.949181265421078804e-04
3.877206927906948555e-04, 2.000000000000000000e+00, 5.077202792360382272e-02, 5.038493298100953088e-02, 5.077202792360382272e-02, -2.161961584747160768e-06, -6.257507847256673005e-07, 2.000388696586362425e+00, 3.898826543754420489e-04
7.754887205457152832e-04, 2.000000000000000000e+00, 5.154414533070204169e-02, 5.076991295664499276e-02, 5.154414533070204169e-02, -4.319417412049070892e-06, -1.256348849336126183e-06, 2.000777440628015658e+00, 7.798081379577645684e-04
1.551024776055756138e-03, 2.000000000000000000e+00, 5.308836600400641120e-02, 5.153987290791591652e-02, 5.308836600400641120e-02, -8.620188174567654111e-06, -2.531689465188462341e-06, 2.001554928714916581e+00, 1.559644964230324062e-03
3.102096887075837632e-03, 2.000000000000000000e+00, 5.617675190956556569e-02, 5.307979281045776404e-02, 5.617675190956556569e-02, -1.716628865003732153e-05, -5.137826415357867147e-06, 2.003109904903387584e+00, 3.119263175725874981e-03
6.204241109116001053e-03, 2.000000000000000000e+00, 6.235331013399993821e-02, 5.615963261554145908e-02, 6.235331013399993821e-02, -3.404490291701805051e-05, -1.056374791727471845e-05, 2.006219857341247526e+00, 6.238286012033020418e-03
1.240852955319632703e-02, 2.000000000000000000e+00, 7.470562749134336544e-02, 6.231931222570884915e-02, 7.470562749134336544e-02, -6.700303992566515913e-05, -2.221494292053942653e-05, 2.012439762477439942e+00, 1.247553259312199347e-02
1.861281799727665387e-02, 2.000000000000000000e+00, 8.705693729938808467e-02, 6.847899183587623229e-02, 8.705693729938808467e-02, -9.895362763561364684e-05, -3.487405525350376328e-05, 2.018659667981663741e+00, 1.871177162491226981e-02
2.481710644135698071e-02, 2.000000000000000000e+00, 9.940730948061610173e-02, 7.463867144604362236e-02, 9.940730948061610173e-02, -1.299665885288396442e-04, -4.847119004279837627e-05, 2.024879573881527950e+00, 2.494707302988582662e-02
3.102139488543730755e-02, 2.000000000000000000e+00, 1.117568037405249209e-01, 8.079835105621101243e-02, 1.117568037405249209e-01, -1.601016281028849741e-04, -6.294666862651028170e-05, 2.031099480203866658e+00, 3.118149651354019600e-02
4.342997177359796124e-02, 2.000000000000000000e+00, 1.364533270001357379e-01, 9.311771027654579258e-02, 1.364533270001357379e-01, -2.179064470441276517e-04, -9.436424496326609537e-05, 2.043539294207507240e+00, 4.364787822064208206e-02
5.583854866175861492e-02, 2.000000000000000000e+00, 1.611468420321300887e-01, 1.054370694968805727e-01, 1.611468420321300887e-01, -2.727030383689488680e-04, -1.287920222147910922e-04, 2.055979110184445346e+00, 5.611125170012756097e-02
8.065570243807992923e-02, 2.000000000000000000e+00, 2.105257013801846988e-01, 1.300757879375501191e-01, 2.105257013801846988e-01, -3.741255050844479531e-04, -2.058249028039189845e-04, 2.080858748748474429e+00, 8.102982794316439252e-02
1.012633384678523207e-01, 2.000000000000000000e+00, 2.515215029340160946e-01, 1.505352550642684306e-01, 2.515215029340160946e-01, -4.509928054792080665e-04, -2.771505767731063138e-04, 2.101518278269443929e+00, 1.017143312733315152e-01
1.218709744976247122e-01, 2.000000000000000000e+00, 2.925112551863383037e-01, 1.709947221909867421e-01, 2.925112551863383037e-01, -5.218108043647322032e-04, -3.545329962703964348e-04, 2.122177815234431275e+00, 1.223927853019894096e-01
1.424786105273971037e-01, 2.000000000000000000e+00, 3.334954160364860254e-01, 1.914541893177050536e-01, 3.334954160364860254e-01, -5.870374010758579609e-04, -4.375148464465837355e-04, 2.142837360227924037e+00, 1.430656479284729277e-01
1.630862465571694953e-01, 2.000000000000000000e+00, 3.744743355065351387e-01, 2.119136564444233650e-01, 3.744743355065351387e-01, -6.470226176883144779e-04, -5.257466466166592009e-04, 2.163496913791312704e+00, 1.637332691748577818e-01
1.836938825869418868e-01, 2.000000000000000000e+00, 4.154483048364727704e-01, 2.323731235711416765e-01, 4.154483048364727704e-01, -7.020576941893044189e-04, -6.189376654669185088e-04, 2.184156476433268601e+00, 1.843959402811311266e-01
2.249091546464866420e-01, 2.000000000000000000e+00, 4.973823824051218923e-01, 2.732920578245783272e-01, 4.973823824051218923e-01, -7.982667559651235659e-04, -8.192099516409042043e-04, 2.225475630874429012e+00, 2.257074214024517023e-01
2.661244267060314250e-01, 2.000000000000000000e+00, 5.792992584955695134e-01, 3.142109920780149501e-01, 5.792992584955695134e-01, -8.772743395393379877e-04, -1.036725548516893424e-03, 2.266794827148089553e+00, 2.670017010455706941e-01
3.302588690118492543e-01, 2.000000000000000000e+00, 7.067372392896105193e-01, 3.778843077436539466e-01, 7.067372392896105193e-01, -9.686238023023819189e-04, -1.406881932926588212e-03, 2.331091075052184713e+00, 3.312274928141515362e-01
3.879798670870853172e-01, 2.000000000000000000e+00, 8.214013464252449825e-01, 4.351902918427290601e-01, 8.214013464252449825e-01, -1.020762739786768448e-03, -1.770201165388122578e-03, 2.388957801073361864e+00, 3.890006298268720020e-01
4.457008651623213802e-01, 2.000000000000000000e+00, 9.360391340217715239e-01, 4.924962759418041736e-01, 9.360391340217715239e-01, -1.046582138163078312e-03, -2.159945422663214678e-03, 2.446824632580242742e+00, 4.467474473004844349e-01
5.034218632375574431e-01, 2.000000000000000000e+00, 1.050652355734496890e+00, 5.498022600408792870e-01, 1.050652355734496890e+00, -1.047835652738166035e-03, -2.574368258727597128e-03, 2.504691576782113405e+00, 5.044696988902955814e-01
5.611428613127935616e-01, 2.000000000000000000e+00, 1.165242401724389865e+00, 6.071082441399544560e-01, 1.165242401724389865e+00, -1.025913444480901129e-03, -3.012086242948262826e-03, 2.562558640409306587e+00, 5.621687747572744476e-01
6.188638593880295691e-01, 2.000000000000000000e+00, 1.279810450261883448e+00, 6.644142282390295140e-01, 1.279810450261883448e+00, -9.819937838244827653e-04, -3.471927463073605155e-03, 2.620425829820006491e+00, 6.198458531718539222e-01
6.765848574632655765e-01, 2.000000000000000000e+00, 1.394357537714771444e+00, 7.217202123381045720e-01, 1.394357537714771444e+00, -9.171130385620046089e-04, -3.952861654940484880e-03, 2.678293151117841386e+00, 6.775019705018276994e-01
7.920268536137377025e-01, 2.000000000000000000e+00, 1.623392207220319516e+00, 8.363321805362547989e-01, 1.623392207220319516e+00, -7.278461478096813616e-04, -4.974653904941406420e-03, 2.794028212179550330e+00, 7.927546997615473323e-01
9.074688497642098284e-01, 2.000000000000000000e+00, 1.852352174681647590e+00, 9.509441487344050259e-01, 1.852352174681647590e+00, -4.638772128373276410e-04, -6.071742007177510954e-03, 2.909763867049275365e+00, 9.079327269770472997e-01
1.000000000000000000e+00, 2.000000000000000000e+00, 2.035821573614343016e+00, 1.042809999999999793e+00, 2.035821573614343016e+00, -2.015736143435233486e-04, -7.002278599636169512e-03, 3.002530852213978640e+00, 1.000201573614343697e+00
1.022910845914681843e+00, 2.000000000000000000e+00, 2.081242156502242313e+00, 1.065556116932555142e+00, 2.081242156502242313e+00, -1.299226371317208431e-04, -7.239450316912841160e-03, 3.025500156485766201e+00, 1.023040768551813695e+00
1.138352842065153858e+00, 2.000000000000000000e+00, 2.310066212302529287e+00, 1.180168085130705258e+00, 2.310066212302529287e+00, 2.699579588817313178e-04, -8.473757739389504648e-03, 3.141237119014689938e+00, 1.138082884106272230e+00
1.253794838215625873e+00, 2.000000000000000000e+00, 2.538827817555965982e+00, 1.294780053328855818e+00, 2.538827817555965982e+00, 7.322891017454742505e-04, -9.771225217780057579e-03, 3.256974791052678508e+00, 1.253062549113881152e+00
1.484678830516570125e+00, 2.000000000000000000e+00, 2.996175079543596631e+00, 1.524003989725156494e+00, 2.996175079543596631e+00, 1.832899906716253325e-03, -1.254437441229536501e-02, 3.488452400847144474e+00, 1.482845930609854479e+00
1.715562822817514377e+00, 2.000000000000000000e+00, 3.453303057877526339e+00, 1.753227926121456726e+00, 3.453303057877526339e+00, 3.152794365386746029e-03, -1.554004164584787441e-02, 3.719933245026948221e+00, 1.712410028452128419e+00
1.946446815118458629e+00, 2.000000000000000000e+00, 3.910226638034890900e+00, 1.982451862517757180e+00, 3.910226638034890900e+00, 4.677087000622954724e-03, -1.874358159181915492e-02, 3.951417563742604777e+00, 1.941769728117836102e+00
2.000000000000000000e+00, 2.000000000000000000e+00, 4.016181511774876256e+00, 2.035620000000000207e+00, 4.016181511774876256e+00, 5.058488225124248977e-03, -1.951500233560434644e-02, 4.005110514110478803e+00, 1.994941511774876108e+00
2.177330807419402880e+00, 2.000000000000000000e+00, 4.366958109811514888e+00, 2.211675798914057633e+00, 4.366958109811514888e+00, 6.393488016600305454e-03, -2.214293009980435045e-02, 4.182905582639534714e+00, 2.170937319402803212e+00
2.408214799720346910e+00, 2.000000000000000000e+00, 4.823507935478273723e+00, 2.440899735310358309e+00, 4.823507935478273723e+00, 8.291535142442133660e-03, -2.572783852342601374e-02, 4.414397515342236566e+00, 2.399923264577906057e+00
2.639098792021290940e+00, 2.000000000000000000e+00, 5.279885096397578081e+00, 2.670123671706658985e+00, 5.279885096397578081e+00, 1.036224701573720125e-02, -2.948952860560304437e-02, 4.645893564956041111e+00, 2.628736545005555314e+00
2.869982784322234970e+00, 2.000000000000000000e+00, 5.736097345165692474e+00, 2.899347608102958773e+00, 5.736097345165692474e+00, 1.259787104022579152e-02, -3.342044162230698584e-02, 4.877393925353176840e+00, 2.857384913282010164e+00
3.000000000000000000e+00, 2.000000000000000000e+00, 5.992933176912075943e+00, 3.028430000000001066e+00, 5.992933176912075943e+00, 1.392682308792650425e-02, -3.570602560297392314e-02, 5.007760202515046721e+00, 2.986073176912074967e+00
3.100866776623179000e+00, 2.000000000000000000e+00, 6.192151427392900587e+00, 3.128571544499259449e+00, 6.192151427392900587e+00, 1.499166160561834181e-02, -3.751401773185557287e-02, 5.108898782302255803e+00, 3.085875115017562287e+00
3.562634761225067503e+00, 2.000000000000000000e+00, 7.103808389456643724e+00, 3.587019417291860357e+00, 7.103808389456643724e+00, 2.023044512707682097e-02, -4.616657151055689884e-02, 5.571922695369343259e+00, 3.542404316097992556e+00
4.000000000000000000e+00, 2.000000000000000000e+00, 7.966762837358102978e+00, 4.021240000000001480e+00, 7.966762837358102978e+00, 2.571716264189894546e-02, -5.490512809159998897e-02, 6.010495965449700329e+00, 3.974282837358102061e+00
4.024402745826956007e+00, 2.000000000000000000e+00, 8.014896875409815991e+00, 4.045467290084461709e+00, 8.014896875409815991e+00, 2.603770475910610616e-02, -5.540765850358836397e-02, 6.034966665540188124e+00, 3.998365041067851067e+00
4.486170730428844067e+00, 2.000000000000000000e+00, 8.925450798971619193e+00, 4.503915162877063061e+00, 8.925450798971619193e+00, 3.237952678250534400e-02, -6.520464721009534836e-02, 6.498031975033139673e+00, 4.453791203646340513e+00
4.947938715030732126e+00, 2.000000000000000000e+00, 9.835498733054956588e+00, 4.962363035669664413e+00, 9.835498733054954812e+00, 3.922733828437214437e-02, -7.553017998495439866e-02, 6.961119839115974983e+00, 4.908711376746362376e+00
5.000000000000000000e+00, 2.000000000000000000e+00, 9.938069985738675172e+00, 5.014050000000003671e+00, 9.938069985738675172e+00, 4.003001426133052931e-02, -7.672641246654167413e-02, 7.013331398205211009e+00, 4.959969985738671205e+00
5.409706699632620186e+00, 2.000000000000000000e+00, 1.074506497618612677e+01, 5.420810908462264877e+00, 1.074506497618612677e+01, 4.655684073840156423e-02, -8.636111620584109583e-02, 7.424231415692677416e+00, 5.363149858894221467e+00
5.871474684234508246e+00, 2.000000000000000000e+00, 1.165417053464687491e+01, 5.879258781254865340e+00, 1.165417053464687491e+01, 5.434702786285661863e-02, -9.767755890917388661e-02, 7.887367814081399864e+00, 5.817127656371654076e+00
6.000000000000000000e+00, 2.000000000000000000e+00, 1.190712528458389663e+01, 6.006860000000003197e+00, 1.190712528458389663e+01, 5.659471541610701373e-02, -1.009112810304476915e-01, 8.016278565614342710e+00, 5.943405284583897163e+00
6.795010653438285253e+00, 2.000000000000000000e+00, 1.347107110245743655e+01, 6.796154526840067156e+00, 1.347107110245743655e+01, 7.123795122269636904e-02, -1.216996903581431949e-01, 8.813719307790217172e+00, 6.723772702215592645e+00
7.000000000000000000e+00, 2.000000000000000000e+00, 1.387412579238342403e+01, 6.999670000000003611e+00, 1.387412579238342403e+01, 7.521420761658073606e-02, -1.272736643173452697e-01, 9.019348456700766903e+00, 6.924785792383422844e+00
7.573649461717277376e+00, 2.000000000000000000e+00, 1.500162838712464541e+01, 7.569194922087533861e+00, 1.500162838712464541e+01, 8.676145705042014045e-02, -1.433219930385245533e-01, 9.594818333770779972e+00, 7.486888004666861107e+00
8.000000000000000000e+00, 2.000000000000000000e+00, 1.583922610134796294e+01, 7.992480000000002249e+00, 1.583922610134796294e+01, 9.573389865204179339e-02, -1.556691803126527551e-01, 1.002255128166061304e+01, 7.904266101347960927e+00
8.352288269996270387e+00, 2.000000000000000000e+00, 1.653107915721497534e+01, 8.342235317334999678e+00, 1.653107915721497534e+01, 1.033914774550237642e-01, -1.661347905156905225e-01, 1.037600133997124807e+01, 8.248896792541248857e+00
9.000000000000000000e+00, 2.000000000000000000e+00, 1.780255064541518450e+01, 8.985290000000002664e+00, 1.780255064541518450e+01, 1.180293545848204867e-01, -1.859829792433039530e-01, 1.102589662465848619e+01, 8.881970645415181664e+00
9.053063197447363208e+00, 2.000000000000000000e+00, 1.790668338766850098e+01, 9.037971673057718647e+00, 1.790668338766850098e+01, 1.192599584469368201e-01, -1.876432196269934294e-01, 1.107914149430575179e+01, 8.933803239000429386e+00
9.753838124898456030e+00, 2.000000000000000000e+00, 1.928146886804152160e+01, 9.733708028780437616e+00, 1.928146886804152516e+01, 1.359471895193517244e-01, -2.100450831605755742e-01, 1.178235633298203133e+01, 9.617890935379106665e+00
1.000000000000000000e+01, 2.000000000000000000e+00, 1.976420245439608081e+01, 9.978100000000001302e+00, 1.976420245439608081e+01, 1.419975456039236084e-01, -2.181211073553980251e-01, 1.202939356175147623e+01, 9.858002454396082470e+00
1.045461305234954885e+01, 2.000000000000000000e+00, 2.065546576983822291e+01, 1.042944438450315658e+01, 2.065546576983822291e+01, 1.534229991680951255e-01, -2.333131996369448291e-01, 1.248564884602477321e+01, 1.030119005318145753e+01
1.100000000000000000e+01, 2.000000000000000000e+00, 2.172426790257685880e+01, 1.097090999999999994e+01, 2.172426790257685880e+01, 1.675520974231473892e-01, -2.520058463720023512e-01, 1.303305074894885784e+01, 1.083244790257685963e+01
1.115538797980064167e+01, 2.000000000000000000e+00, 2.202870100662265429e+01, 1.112518074022587555e+01, 2.202870100662265429e+01, 1.716604738291025445e-01, -2.574235592201040146e-01, 1.318902193716203897e+01, 1.098372750597154379e+01
1.185616290725173450e+01, 2.000000000000000000e+00, 2.340119916974902736e+01, 1.182091709594859452e+01, 2.340119916974902736e+01, 1.906350221481708795e-01, -2.823543975041292731e-01, 1.389247843334210941e+01, 1.166552788510356820e+01
1.200000000000000000e+01, 2.000000000000000000e+00, 2.368282126669339149e+01, 1.196371999999999858e+01, 2.368282126669339149e+01, 1.946187333066199954e-01, -2.875712314464959896e-01, 1.403687649813987903e+01, 1.180538126669338439e+01
1.255693783470282732e+01, 2.000000000000000000e+00, 2.477298253508928383e+01, 1.251665345167131349e+01, 2.477298253508928383e+01, 2.103243682533543213e-01, -3.080861965016731818e-01, 1.459602109244958434e+01, 1.234661346644947777e+01
1.300000000000000000e+01, 2.000000000000000000e+00, 2.563992766003316959e+01, 1.295652999999999899e+01, 2.563992766003316959e+01, 2.231323399668409813e-01, -3.247601661623737423e-01, 1.504087882619553795e+01, 1.277686766003316343e+01
1.325771276215392014e+01, 2.000000000000000000e+00, 2.614407167967970480e+01, 1.321238980739403246e+01, 2.614407167967970480e+01, 2.307079351083743957e-01, -3.346010722973010165e-01, 1.529965260760530654e+01, 1.302700482704555007e+01
1.395848768960501296e+01, 2.000000000000000000e+00, 2.751448531429092625e+01, 1.390812616311675143e+01, 2.751448531429092981e+01, 2.517670119425908237e-01, -3.618829503485178622e-01, 1.600337561503742023e+01, 1.370672067766242463e+01
1.400000000000000000e+01, 2.000000000000000000e+00, 2.759564468354485456e+01, 1.394933999999999763e+01, 2.759564468354485456e+01, 2.530353164551553680e-01, -3.635228057220712961e-01, 1.604506548926691778e+01, 1.374696468354485113e+01
1.465926261705610578e+01, 2.000000000000000000e+00, 2.888424088789549415e+01, 1.460386251883947040e+01, 2.888424088789549415e+01, 2.734841497834611390e-01, -3.899169634379804905e-01, 1.670719269650112793e+01, 1.438577846727264919e+01
1.500000000000000000e+01, 2.000000000000000000e+00, 2.955002341382958519e+01, 1.494214999999999804e+01, 2.955002341382958519e+01, 2.842765861704238950e-01, -4.038156025150543837e-01, 1.704944401634464057e+01, 1.471572341382958093e+01
1.536003754450719860e+01, 2.000000000000000000e+00, 3.025335438493117479e+01, 1.529959887456218937e+01, 3.025335438493117479e+01, 2.958433641932188829e-01, -4.186896630792314999e-01, 1.741110638794773635e+01, 1.506419418031398472e+01
1.600000000000000000e+01, 2.000000000000000000e+00, 3.150310962518781110e+01, 1.593495999999999491e+01, 3.150310962518781110e+01, 3.168103748121928742e-01, -4.456001146291465043e-01, 1.805402173981696023e+01, 1.568318962518781134e+01
1.606081247195829320e+01, 2.000000000000000000e+00, 3.162184089853579394e+01, 1.599533523028490833e+01, 3.162184089853579394e+01, 3.188295620340399483e-01, -4.481884454908866555e-01, 1.811511917873368560e+01, 1.574198290992425697e+01
1.676158739940938602e+01, 2.000000000000000000e+00, 3.298971432849909036e+01, 1.669107158600762730e+01, 3.298971432849909036e+01, 3.424288435161820243e-01, -4.784018625230878063e-01, 1.881923352049885523e+01, 1.641915855589320827e+01
1.700000000000000000e+01, 2.000000000000000000e+00, 3.345494497155414138e+01, 1.692776999999999532e+01, 3.345494497155414138e+01, 3.505950284458666522e-01, -4.888418424125106077e-01, 1.905880581396665363e+01, 1.664940497155414079e+01
1.746236232686047884e+01, 2.000000000000000000e+00, 3.435698790920294243e+01, 1.738680794173034627e+01, 3.435698790920294243e+01, 3.666279742577696621e-01, -5.093190899620541057e-01, 1.952345182341135299e+01, 1.709573435260271523e+01
1.800000000000000000e+01, 2.000000000000000000e+00, 3.540556742403366286e+01, 1.792057999999999396e+01, 3.540556742403366286e+01, 3.855925759663442198e-01, -5.335098092289080052e-01, 2.006380323326257198e+01, 1.761440742403366500e+01
1.816313725431157167e+01, 2.000000000000000000e+00, 3.572367393203157349e+01, 1.808254429745306524e+01, 3.572367393203157349e+01, 3.914146628745813761e-01, -5.409302141105670758e-01, 2.022777646515816841e+01, 1.777172259143699762e+01
1.886391218176266449e+01, 2.000000000000000000e+00, 3.708978397022943341e+01, 1.877828065317578421e+01, 3.708978397022943341e+01, 4.167773361221724926e-01, -5.732260064613478034e-01, 2.093220979047647390e+01, 1.844713484564050177e+01
1.900000000000000000e+01, 2.000000000000000000e+00, 3.735501148173626973e+01, 1.891338999999999260e+01, 3.735501148173626973e+01, 4.217685182637325170e-01, -5.795763730403791225e-01, 2.106902085477666020e+01, 1.857823148173627459e+01
2.000000000000000000e+01, 2.000000000000000000e+00, 3.930330906941311753e+01, 1.990619999999999123e+01, 3.930330906941311753e+01, 4.590909305868967061e-01, -6.270163368138903515e-01, 2.207446540622700581e+01, 1.954090906941311090e+01
2.026546203666485013e+01, 2.000000000000000000e+00, 3.982031932784186523e+01, 2.016975336462122215e+01, 3.982031932784186523e+01, 4.691874014006068849e-01, -6.398375906191346996e-01, 2.234141172178605572e+01, 1.979627463526425046e+01
2.100000000000000000e+01, 2.000000000000000000e+00, 4.125048961434197992e+01, 2.089900999999998987e+01, 4.125048961434197992e+01, 4.975303856580304829e-01, -6.758068820770506413e-01, 2.308014349641903351e+01, 2.050246961434197601e+01
2.166701189156703578e+01, 2.000000000000000000e+00, 4.254867464171051239e+01, 2.156122607606666008e+01, 4.254867464171051239e+01, 5.237775104228380441e-01, -7.090913590230744079e-01, 2.375107579359799104e+01, 2.114323438114420384e+01
2.200000000000000000e+01, 2.000000000000000000e+00, 4.319658027729077077e+01, 2.189181999999999206e+01, 4.319658027729077077e+01, 5.370597227092493986e-01, -7.259273451219864226e-01, 2.408606162241274973e+01, 2.146294027729075538e+01
2.300000000000000000e+01, 2.000000000000000000e+00, 4.514160640249773593e+01, 2.288462999999999425e+01, 4.514160640249773593e+01, 5.776535975022764058e-01, -7.773587859982963311e-01, 2.509222618849603492e+01, 2.242234640249773037e+01
2.306856174646922142e+01, 2.000000000000000000e+00, 4.527492239037715649e+01, 2.295269878751210157e+01, 4.527492239037715649e+01, 5.804751846470709298e-01, -7.809326025565863638e-01, 2.516121977533749998e+01, 2.248808656182215771e+01
2.400000000000000000e+01, 2.000000000000000000e+00, 4.708559175739504354e+01, 2.387743999999999645e+01, 4.708559175739504354e+01, 6.192882426049701738e-01, -8.300837577697337544e-01, 2.609864351516477754e+01, 2.338071175739503715e+01
2.447011160137140706e+01, 2.000000000000000000e+00, 4.799912852131893004e+01, 2.434417149895754306e+01, 4.799912852131893004e+01, 6.392144765961748076e-01, -8.553128029992864700e-01, 2.657186109626132620e+01, 2.383089712477524102e+01
2.500000000000000000e+01, 2.000000000000000000e+00, 4.902855860119467479e+01, 2.487024999999999508e+01, 4.902855860119467479e+01, 6.619413988053394204e-01, -8.840862405942632174e-01, 2.710531984178894049e+01, 2.433805860119467113e+01
2.587166145627359271e+01, 2.000000000000000000e+00, 5.072135361566594014e+01, 2.573564421040298100e+01, 5.072135361566594014e+01, 6.999348051400455795e-01, -9.321885125032118857e-01, 2.798301688965160849e+01, 2.517172665113355734e+01
2.600000000000000000e+01, 2.000000000000000000e+00, 5.097052806771628752e+01, 2.586305999999999372e+01, 5.097052806771628752e+01, 7.055919322837317376e-01, -9.393512732974494961e-01, 2.811226134101373475e+01, 2.529440806771627948e+01
2.700000000000000000e+01, 2.000000000000000000e+00, 5.291151999090226354e+01, 2.685586999999999591e+01, 5.291151999090226354e+01, 7.502200090977478864e-01, -9.958651212010424247e-01, 2.911947411210331182e+01, 2.624977999090226177e+01
2.727321131117577835e+01, 2.000000000000000000e+00, 5.344165339097139622e+01, 2.712711692184841894e+01, 5.344165339097139622e+01, 7.625804527254717025e-01, -1.011520869598967698e+00, 2.939470401159216806e+01, 2.651063085845031608e+01
2.800000000000000000e+01, 2.000000000000000000e+00, 5.485155298134586133e+01, 2.784867999999999455e+01, 5.485155298134586133e+01, 7.958070186541541524e-01, -1.053615204026460805e+00, 3.012696418537232290e+01, 2.720419298134585517e+01
2.867476116607796399e+01, 2.000000000000000000e+00, 5.616007892152046566e+01, 2.851858963329385688e+01, 5.616007892152046566e+01, 8.271003450672809176e-01, -1.093275392187475159e+00, 3.080693905426909396e+01, 2.784766082101069173e+01
2.900000000000000000e+01, 2.000000000000000000e+00, 5.679064456549755135e+01, 2.884148999999998964e+01, 5.679064456549755135e+01, 8.423354345024590684e-01, -1.112589963779181845e+00, 3.113473752927674099e+01, 2.815766456549754793e+01
3.000000000000000000e+01, 2.000000000000000000e+00, 5.872881149156579994e+01, 2.983429999999999183e+01, 5.872881149156579994e+01, 8.897885084342084250e-01, -1.172778576120867999e+00, 3.214280006768666453e+01, 2.911021149156579924e+01
3.072716448228788622e+01, 2.000000000000000000e+00, 6.013760594204168797e+01, 3.055623616966022738e+01, 6.013760594204168797e+01, 9.248663972787983800e-01, -1.217302247829055162e+00, 3.287601229321242613e+01, 2.980229808500909527e+01
3.100000000000000000e+01, 2.000000000000000000e+00, 6.066606945022978437e+01, 3.082710999999998691e+01, 6.066606945022978437e+01, 9.381505497702237184e-01, -1.234171212694272102e+00, 3.315115766292406363e+01, 3.006184945022978283e+01
3.200000000000000000e+01, 2.000000000000000000e+00, 6.260243358834242144e+01, 3.181991999999998910e+01, 6.260243358834242144e+01, 9.874064116575848038e-01, -1.296758549183510079e+00, 3.415981613752593660e+01, 3.101259358834242263e+01
3.277956779849780844e+01, 2.000000000000000000e+00, 6.411134978847324817e+01, 3.259388270602659787e+01, 6.411134978847324817e+01, 1.026415623579980840e+00, -1.346372958898970351e+00, 3.494634621349442938e+01, 3.175315217491783315e+01
3.300000000000000000e+01, 2.000000000000000000e+00, 6.453791803796104887e+01, 3.281272999999999485e+01, 6.453791803796104887e+01, 1.037541962038971421e+00, -1.360532220799901992e+00, 3.516878125876094430e+01, 3.196245803796103857e+01
3.400000000000000000e+01, 2.000000000000000000e+00, 6.647253662671352004e+01, 3.380553999999999348e+01, 6.647253662671352004e+01, 1.088543373286520621e+00, -1.425484150175191145e+00, 3.617805877688868321e+01, 3.291145662671348759e+01
3.483197111470772711e+01, 2.000000000000000000e+00, 6.808143278238077301e+01, 3.463152924239297192e+01, 6.808143278238077301e+01, 1.131625702405205658e+00, -1.480415068940836409e+00, 3.701799068022434369e+01, 3.370034541230253211e+01
3.500000000000000000e+01, 2.000000000000000000e+00, 6.840630219603957585e+01, 3.479834999999999923e+01, 6.840630219603957585e+01, 1.140397803960457868e+00, -1.491607184835697542e+00, 3.718765438087525865e+01, 3.385960219603956745e+01
3.600000000000000000e+01, 2.000000000000000000e+00, 7.033922744711955488e+01, 3.579115999999999786e+01, 7.033922744711955488e+01, 1.193092552880486323e+00, -1.558894296918495126e+00, 3.819757374403802430e+01, 3.480690744711952078e+01
3.688437443091764578e+01, 2.000000000000000000e+00, 7.204796636061438164e+01, 3.666917577875934597e+01, 7.204796636061438164e+01, 1.240385196904342680e+00, -1.619366328879334960e+00, 3.909099488117697518e+01, 3.564398923401331842e+01
3.700000000000000000e+01, 2.000000000000000000e+00, 7.227132416890286493e+01, 3.678397000000000361e+01, 7.227132416890286493e+01, 1.246615831097164673e+00, -1.627339320320057681e+00, 3.920782248922291302e+01, 3.575338416890284776e+01
3.800000000000000000e+01, 2.000000000000000000e+00, 7.420260401394830296e+01, 3.777678000000000225e+01, 7.420260401394830296e+01, 1.300955986051743007e+00, -1.696936220520822935e+00, 4.021840623446909291e+01, 3.669904401394827431e+01
3.893677774712756445e+01, 2.000000000000000000e+00, 7.601105262419046937e+01, 3.870682231512572002e+01, 7.601105262419046937e+01, 1.352592006060997054e+00, -1.763173265339296858e+00, 4.116540744399355134e+01, 3.758418574106658383e+01
3.900000000000000000e+01, 2.000000000000000000e+00, 7.613307787467921628e+01, 3.876959000000000799e+01, 7.613307787467921628e+01, 1.356102125320814311e+00, -1.767679673595480283e+00, 4.122933054827468879e+01, 3.764389787467919746e+01
4.000000000000000000e+01, 2.000000000000000000e+00, 7.806275650617553197e+01, 3.976240000000000663e+01, 7.806275650617553197e+01, 1.412043493824506335e+00, -1.839564482343876373e+00, 4.224060098851938960e+01, 3.858795650617550166e+01
4.098918106333748312e+01, 2.000000000000000000e+00, 7.997078559948512577e+01, 4.074446885149209407e+01, 7.997078559948512577e+01, 1.468152103499080541e+00, -1.911789982014173050e+00, 4.324127649874361623e+01, 3.952102895983841790e+01
4.100000000000000000e+01, 2.000000000000000000e+00, 7.999165001058722169e+01, 4.075521000000001237e+01, 7.999165001058722169e+01, 1.468769989412812560e+00, -1.912586064669667740e+00, 4.325222307525687171e+01, 3.953123001058720831e+01
4.200000000000000000e+01, 2.000000000000000000e+00, 8.191976826688552649e+01, 4.174802000000001101e+01, 8.191976826688552649e+01, 1.526271733114498597e+00, -1.986740051932749163e+00, 4.426420231881826339e+01, 4.047372826688551584e+01
4.300000000000000000e+01, 2.000000000000000000e+00, 8.384712070103005033e+01, 4.274083000000000965e+01, 8.384712070103005033e+01, 1.584539298969969590e+00, -2.062022500642143985e+00, 4.527654420167218774e+01, 4.141546070103004951e+01
4.304158437954740180e+01, 2.000000000000000000e+00, 8.392725200620157011e+01, 4.278211538785846813e+01, 8.392725200620157011e+01, 1.586978769515372978e+00, -2.065177458764066554e+00, 4.531864974499048770e+01, 4.145460561003204703e+01
4.400000000000000000e+01, 2.000000000000000000e+00, 8.577371651789020746e+01, 4.373364000000001539e+01, 8.577371651789020746e+01, 1.643563482109830165e+00, -2.138429676834626925e+00, 4.628925419472481906e+01, 4.235643651789019515e+01
4.500000000000000000e+01, 2.000000000000000000e+00, 8.769956460913500962e+01, 4.472645000000001403e+01, 8.769956460913500962e+01, 1.703335390865023724e+00, -2.215958143606846953e+00, 4.730233775274183472e+01, 4.329666460913499293e+01
4.509398769575732047e+01, 2.000000000000000000e+00, 8.788053250497362967e+01, 4.481976192422484218e+01, 8.788053250497362967e+01, 1.708991343476059521e+00, -2.223302394837765483e+00, 4.739757454261677339e+01, 4.338499635228128426e+01
4.600000000000000000e+01, 2.000000000000000000e+00, 8.962467346168394045e+01, 4.571926000000001977e+01, 8.962467346168394045e+01, 1.763846538316121038e+00, -2.294604845583565922e+00, 4.831580030726746600e+01, 4.423615346168390516e+01
4.700000000000000000e+01, 2.000000000000000000e+00, 9.154905131253231332e+01, 4.671207000000001841e+01, 9.154905131253231332e+01, 1.825088687467743442e+00, -2.374366964973874783e+00, 4.932964727750616163e+01, 4.517491131253228076e+01
4.714639101196723914e+01, 2.000000000000000000e+00, 9.183070207599132573e+01, 4.685740846059121623e+01, 9.183070207599132573e+01, 1.834114845191112009e+00, -2.386136861132051923e+00, 4.947809794270927597e+01, 4.531227616677615089e+01
4.800000000000000000e+01, 2.000000000000000000e+00, 9.347270623367549547e+01, 4.770488000000002415e+01, 9.347270623367548126e+01, 1.887053766324566784e+00, -2.455241841109816470e+00, 5.034388407478526517e+01, 4.611294623367545853e+01
4.900000000000000000e+01, 2.000000000000000000e+00, 9.539564606403264690e+01, 4.869769000000002279e+01, 9.539564606403263269e+01, 1.949733935967431053e+00, -2.537227034817208793e+00, 5.135851609884979752e+01, 4.705026606403259848e+01
4.919879432817715781e+01, 2.000000000000000000e+00, 9.577783105799115049e+01, 4.889505499695759028e+01, 9.577783105799113628e+01, 1.962278935924037127e+00, -2.553657328900556411e+00, 5.156026675525812664e+01, 4.723651539225314622e+01
5.000000000000000000e+01, 2.000000000000000000e+00, 9.731787824277367349e+01, 4.969050000000002854e+01, 9.731787824277367349e+01, 2.013121757226393083e+00, -2.620320487718646785e+00, 5.237354873049227422e+01, 4.798687824277363490e+01
5.100000000000000000e+01, 2.000000000000000000e+00, 9.923940993492310270e+01, 5.068331000000003428e+01, 9.923940993492308849e+01, 2.077210065076965595e+00, -2.704520403345679558e+00, 5.338898733826874832e+01, 4.892278993492306682e+01
5.125119764438707648e+01, 2.000000000000000000e+00, 9.972198491246435026e+01, 5.093270153332396433e+01, 9.972198491246433605e+01, 2.093418154183576796e+00, -2.725844911856436958e+00, 5.364412755546774036e+01, 4.915777949020353077e+01
5.200000000000000000e+01, 2.000000000000000000e+00, 1.011602482904218192e+02, 5.167612000000003292e+01, 1.011602482904218050e+02, 2.141991709578249026e+00, -2.789825000466814142e+00, 5.440483729088859377e+01, 4.985800829042178606e+01
5.300000000000000000e+01, 2.000000000000000000e+00, 1.030804003365744137e+02, 5.266893000000003866e+01, 1.030804003365743995e+02, 2.207459663425659802e+00, -2.876232616015267585e+00, 5.542110395258963251e+01, 5.079254033657436906e+01
5.330360096059699515e+01, 2.000000000000000000e+00, 1.036632255715795310e+02, 5.297034806969033838e+01, 1.036632255715795168e+02, 2.227470567801145496e+00, -2.902684097293324328e+00, 5.572972676280033255e+01, 5.107613039279588207e+01
5.400000000000000000e+01, 2.000000000000000000e+00, 1.049998726441797601e+02, 5.366174000000003730e+01, 1.049998726441797459e+02, 2.273607355820311593e+00, -2.963742026414127206e+00, 5.643779267059385063e+01, 5.172639264417971816e+01
5.500000000000000000e+01, 2.000000000000000000e+00, 1.069186714453460496e+02, 5.465455000000004304e+01, 1.069186714453460354e+02, 2.340428554654036208e+00, -3.052352335907028813e+00, 5.745490878125302459e+01, 5.265957144534600332e+01
5.535600427680691382e+01, 2.000000000000000000e+00, 1.076016106214399741e+02, 5.500799460605671243e+01, 1.076016106214399599e+02, 2.364378590673440250e+00, -3.084163560169224105e+00, 5.781711063831721020e+01, 5.299162568613350999e+01
5.600000000000000000e+01, 2.000000000000000000e+00, 1.088368031321750777e+02, 5.564736000000004879e+01, 1.088368031321750635e+02, 2.407916867824995588e+00, -3.142062494803975259e+00, 5.847245762697901483e+01, 5.359208313217503417e+01
5.700000000000000000e+01, 2.000000000000000000e+00, 1.107542741818770651e+02, 5.664017000000004742e+01, 1.107542741818770509e+02, 2.476065818123002416e+00, -3.232871371324773424e+00, 5.949044455320180447e+01, 5.452393418187703134e+01
5.740840759301683249e+01, 2.000000000000000000e+00, 1.115371953625661661e+02, 5.704564114242308648e+01, 1.115371953625661519e+02, 2.504086922279987970e+00, -3.270274187242448782e+00, 5.990632536929715712e+01, 5.490432067073687961e+01
5.800000000000000000e+01, 2.000000000000000000e+00, 1.126710905132562743e+02, 5.763298000000005317e+01, 1.126710905132562601e+02, 2.544869486743784659e+00, -3.324778377951045361e+00, 6.050887489120729157e+01, 5.545513051325624332e+01
5.900000000000000000e+01, 2.000000000000000000e+00, 1.145872576458338017e+02, 5.862579000000005180e+01, 1.145872576458337875e+02, 2.614322354166263906e+00, -3.417783316672639238e+00, 6.152775396250640938e+01, 5.638567764583377340e+01
5.946081090922675116e+01, 2.000000000000000000e+00, 1.154700314267558525e+02, 5.908328767878946053e+01, 1.154700314267558383e+02, 2.646543930823042068e+00, -3.461010449317054594e+00, 6.199741705834198058e+01, 5.681426697840374374e+01
6.000000000000000000e+01, 2.000000000000000000e+00, 1.165027813194814712e+02, 5.961860000000005755e+01, 1.165027813194814570e+02, 2.684418680518600553e+00, -3.511885777093056493e+00, 6.254708709657448651e+01, 5.731558131948143142e+01
6.100000000000000000e+01, 2.000000000000000000e+00, 1.184176671314678799e+02, 6.061141000000005619e+01, 1.184176671314678657e+02, 2.755152868532193100e+00, -3.607085490966972507e+00, 6.356687962243480428e+01, 5.824484713146784287e+01
6.151321422543666984e+01, 2.000000000000000000e+00, 1.194001678236851376e+02, 6.112093421515583458e+01, 1.194001678236851234e+02, 2.791700606626504211e+00, -3.656369398569068174e+00, 6.409043176730379798e+01, 5.872151361881019938e+01
6.200000000000000000e+01, 2.000000000000000000e+00, 1.203319204141620702e+02, 6.160422000000006193e+01, 1.203319204141620560e+02, 2.826519585838021875e+00, -3.703382449062460502e+00, 6.458713686322447245e+01, 5.917348041416201454e+01
6.300000000000000000e+01, 2.000000000000000000e+00, 1.222455464016846776e+02, 6.259703000000006057e+01, 1.222455464016846634e+02, 2.898513598315410000e+00, -3.800776742783627871e+00, 6.560786414446823755e+01, 6.010148640168462464e+01
6.356561754164658851e+01, 2.000000000000000000e+00, 1.233276510105319375e+02, 6.315858075152220863e+01, 1.233276510105319232e+02, 2.939510492512454665e+00, -3.856350616823124966e+00, 6.618541553518517162e+01, 6.062610704913416981e+01
6.400000000000000000e+01, 2.000000000000000000e+00, 1.241585502178880347e+02, 6.358984000000006631e+01, 1.241585502178880063e+02, 2.971129782112069240e+00, -3.899268573625446432e+00, 6.662906679151340938e+01, 6.102887021788797028e+01
6.500000000000000000e+01, 2.000000000000000000e+00, 1.260709369518174299e+02, 6.458265000000007205e+01, 1.260709369518174015e+02, 3.044363048182666454e+00, -3.998858185773693119e+00, 6.765075013759104650e+01, 6.195563695181736819e+01
6.600000000000000000e+01, 2.000000000000000000e+00, 1.279827115044274706e+02, 6.557546000000006359e+01, 1.279827115044274422e+02, 3.118208495572636796e+00, -4.099546006684529509e+00, 6.867291951111192816e+01, 6.288179150442739740e+01
6.700000000000000000e+01, 2.000000000000000000e+00, 1.298938786862000541e+02, 6.656827000000006933e+01, 1.298938786862000256e+02, 3.192661313800027489e+00, -4.201332557261475031e+00, 6.969558024346147818e+01, 6.380733868620000493e+01
6.767042417406642585e+01, 2.000000000000000000e+00, 1.311748336167646585e+02, 6.723387382425495673e+01, 1.311748336167646301e+02, 3.242914031745219638e+00, -4.270188262627957698e+00, 7.038147451278378242e+01, 6.442751014232123907e+01
6.800000000000000000e+01, 2.000000000000000000e+00, 1.318044431775575731e+02, 6.756108000000007507e+01, 1.318044431775575447e+02, 3.267716822442553681e+00, -4.304218491127810076e+00, 7.071873766868529287e+01, 6.473228317755749117e+01
6.900000000000000000e+01, 2.000000000000000000e+00, 1.337144095044962171e+02, 6.855389000000008082e+01, 1.337144095044961887e+02, 3.343370495503887874e+00, -4.408204620959201847e+00, 7.174239712545534076e+01, 6.565662950449616631e+01
7.000000000000000000e+01, 2.000000000000000000e+00, 1.356237821327335666e+02, 6.954670000000007235e+01, 1.356237821327335382e+02, 3.419617867266523614e+00, -4.513291816738968620e+00, 7.276656394947249851e+01, 6.658038213273353279e+01
7.100000000000000000e+01, 2.000000000000000000e+00, 1.375325653895413609e+02, 7.053951000000007809e+01, 1.375325653895413325e+02, 3.496454610458730183e+00, -4.619481090233048981e+00, 7.379124347977436571e+01, 6.750354538954131556e+01
7.177523080648626319e+01, 2.000000000000000000e+00, 1.390119101065210998e+02, 7.130916689698770483e+01, 1.390119101065210714e+02, 3.556423687454256743e+00, -4.702561349217447173e+00, 7.458596281469077383e+01, 6.821880711903204997e+01
7.200000000000000000e+01, 2.000000000000000000e+00, 1.394407635310237481e+02, 7.153232000000008384e+01, 1.394407635310237197e+02, 3.573876468976364240e+00, -4.726773533335324906e+00, 7.481644106435898323e+01, 6.842612353102367706e+01
7.300000000000000000e+01, 2.000000000000000000e+00, 1.413483808915062809e+02, 7.252513000000008958e+01, 1.413483808915062525e+02, 3.651879108493834014e+00, -4.835170192194082617e+00, 7.584216208370028767e+01, 6.934812089150621262e+01
7.400000000000000000e+01, 2.000000000000000000e+00, 1.432554214297574617e+02, 7.351794000000008111e+01, 1.432554214297574333e+02, 3.730458570242633609e+00, -4.944672449560759020e+00, 7.686841187931815966e+01, 7.026954142975742457e+01
7.500000000000000000e+01, 2.000000000000000000e+00, 1.451618890980771255e+02, 7.451075000000008686e+01, 1.451618890980770971e+02, 3.809610901922981796e+00, -5.055281713800191312e+00, 7.789519581187722963e+01, 7.119038909807707682e+01
7.588003743890610053e+01, 2.000000000000000000e+00, 1.468391811728497771e+02, 7.538445996972045293e+01, 1.468391811728497487e+02, 3.879738766591061427e+00, -5.153538982640700539e+00, 7.879925024000375799e+01, 7.200029867231508263e+01
7.600000000000000000e+01, 2.000000000000000000e+00, 1.470677877843705801e+02, 7.550356000000009260e+01, 1.470677877843705517e+02, 3.889332215629527134e+00, -5.166999466534324625e+00, 7.892251925090482700e+01, 7.211066778437051994e+01
7.700000000000000000e+01, 2.000000000000000000e+00, 1.489731216732594419e+02, 7.649637000000009834e+01, 1.489731216732594135e+02, 3.969618326740698588e+00, -5.279826947932464876e+00, 7.995038762119179410e+01, 7.303038167325932761e+01
7.800000000000000000e+01, 2.000000000000000000e+00, 1.508778943454584009e+02, 7.748918000000008988e+01, 1.508778943454583725e+02, 4.050465654541741678e+00, -5.393765941608773318e+00, 8.097880628706705863e+01, 7.394953434545828941e+01
7.900000000000000000e+01, 2.000000000000000000e+00, 1.527821094778107636e+02, 7.848199000000009562e+01, 1.527821094778107351e+02, 4.131870522189364792e+00, -5.508818164537945705e+00, 8.200778064234860665e+01, 7.486812947781068317e+01
7.998484407132593788e+01, 2.000000000000000000e+00, 1.546569230245821416e+02, 7.945975304245320103e+01, 1.546569230245821132e+02, 4.212583060324194939e+00, -5.623216472330100579e+00, 8.302170830698656800e+01, 7.577226101100178823e+01
8.000000000000000000e+01, 2.000000000000000000e+00, 1.546857706648366388e+02, 7.947480000000010136e+01, 1.546857706648366104e+02, 4.213829335163505441e+00, -5.624985422574322769e+00, 8.303731608741085779e+01, 7.578617066483653275e+01
8.100000000000000000e+01, 2.000000000000000000e+00, 1.565888817945987057e+02, 8.046761000000010711e+01, 1.565888817945986773e+02, 4.296338205401395882e+00, -5.742269282643175821e+00, 8.406741807724182536e+01, 7.670366179459864497e+01
8.200000000000000000e+01, 2.000000000000000000e+00, 1.584914462286779440e+02, 8.146042000000011285e+01, 1.584914462286779155e+02, 4.379393771322181550e+00, -5.860671787919153886e+00, 8.509809201659700761e+01, 7.762060622867785753e+01
8.300000000000000000e+01, 2.000000000000000000e+00, 1.603934674128900610e+02, 8.245323000000010438e+01, 1.603934674128900326e+02, 4.462992587110074183e+00, -5.980194925194074251e+00, 8.612934333808404119e+01, 7.853700741288996312e+01
8.400000000000000000e+01, 2.000000000000000000e+00, 1.622949487216599778e+02, 8.344604000000011013e+01, 1.622949487216599493e+02, 4.547131278340195593e+00, -6.100840760604858914e+00, 8.716117748226470496e+01, 7.945286872165983993e+01
8.408965070374577522e+01, 2.000000000000000000e+00, 1.624653916024168723e+02, 8.353504611518594913e+01, 1.624653916024168439e+02, 4.554700627954944459e+00, -6.111711654074300171e+00, 8.725371079212656866e+01, 7.953495007579087428e+01
8.500000000000000000e+01, 2.000000000000000000e+00, 1.641958936056551579e+02, 8.443885000000011587e+01, 1.641958936056551295e+02, 4.631806394344940792e+00, -6.222611318094541488e+00, 8.819359992374964463e+01, 8.036819360565512227e+01
8.600000000000000000e+01, 2.000000000000000000e+00, 1.660963052971198408e+02, 8.543166000000012161e+01, 1.660963052971198124e+02, 4.717014702880280019e+00, -6.345508821995500703e+00, 8.922661611911527757e+01, 8.128298529711977949e+01
8.700000000000000000e+01, 2.000000000000000000e+00, 1.679961869954204872e+02, 8.642447000000011315e+01, 1.679961869954204587e+02, 4.802753004579637164e+00, -6.469535544279121808e+00, 9.026023153969951807e+01, 8.219724699542042856e+01
8.800000000000000000e+01, 2.000000000000000000e+00, 1.698955418445473242e+02, 8.741728000000011889e+01, 1.698955418445472958e+02, 4.889018155452791170e+00, -6.594693823077951933e+00, 9.129445166762519648e+01, 8.311098184454725413e+01
8.819445733616561256e+01, 2.000000000000000000e+00, 1.702648244057314457e+02, 8.761033918791869723e+01, 1.702648244057314173e+02, 4.905853970105847672e+00, -6.619163386100693991e+00, 9.149563405302859564e+01, 8.328860336605981729e+01
8.900000000000000000e+01, 2.000000000000000000e+00, 1.717943729837515150e+02, 8.841009000000012463e+01, 1.717943729837514866e+02, 4.975807016248629644e+00, -6.720986030305602377e+00, 9.232928201405701429e+01, 8.402419298375140500e+01
9.000000000000000000e+01, 2.000000000000000000e+00, 1.736926834406933438e+02, 8.940290000000013038e+01, 1.736926834406933153e+02, 5.063116559306811482e+00, -6.848414643107609834e+00, 9.336472808380082711e+01, 8.493688344069323648e+01
9.100000000000000000e+01, 2.000000000000000000e+00, 1.755904761780394381e+02, 9.039571000000012191e+01, 1.755904761780394097e+02, 5.150943821960684232e+00, -6.976982212702351305e+00, 9.440079539074170611e+01, 8.584905617803936195e+01
9.200000000000000000e+01, 2.000000000000000000e+00, 1.774877541060968156e+02, 9.138852000000012765e+01, 1.774877541060967872e+02, 5.239285893903328883e+00, -7.106691355932796661e+00, 9.543748946202948957e+01, 8.676071410609672796e+01
9.229926396858544990e+01, 2.000000000000000000e+00, 1.780554413695741971e+02, 9.168563226065144534e+01, 1.780554413695741687e+02, 5.265823151728579177e+00, -7.145730962637617978e+00, 9.574785731896932361e+01, 8.703344081685692402e+01
9.300000000000000000e+01, 2.000000000000000000e+00, 1.793845202711305262e+02, 9.238133000000011918e+01, 1.793845202711305262e+02, 5.328139728869569325e+00, -7.237544605073777504e+00, 9.647481587620423227e+01, 8.767186027113048397e+01
9.400000000000000000e+01, 2.000000000000000000e+00, 1.812807775609536236e+02, 9.337414000000011072e+01, 1.812807775609535952e+02, 5.417502439046496754e+00, -7.369544640815436587e+00, 9.751278020176896177e+01, 8.858249756095355565e+01
9.500000000000000000e+01, 2.000000000000000000e+00, 1.831765287348947027e+02, 9.436695000000011646e+01, 1.831765287348946742e+02, 5.507371265105406977e+00, -7.502694268547823953e+00, 9.855138800344244032e+01, 8.949262873489465164e+01
9.600000000000000000e+01, 2.000000000000000000e+00, 1.850717765574054283e+02, 9.535976000000012220e+01, 1.850717765574053999e+02, 5.597743442594689256e+00, -7.636996312630153660e+00, 9.959064487003549004e+01, 9.040225655740535160e+01
9.700000000000000000e+01, 2.000000000000000000e+00, 1.869665237432278673e+02, 9.635257000000011374e+01, 1.869665237432278388e+02, 5.688616256772247581e+00, -7.772453659782750712e+00, 1.006305564030105160e+02, 9.131138374322780749e+01
9.800000000000000000e+01, 2.000000000000000000e+00, 1.888607729573946585e+02, 9.734538000000011948e+01, 1.888607729573946301e+02, 5.779987042605493563e+00, -7.909069259087043946e+00, 1.016711282164815771e+02, 9.222001295739455884e+01
9.900000000000000000e+01, 2.000000000000000000e+00, 1.907545268152287576e+02, 9.833819000000011101e+01, 1.907545268152287292e+02, 5.871853184771349987e+00, -8.046846121985572253e+00, 1.027123659372142441e+02, 9.312814681522870330e+01
1.005088772334251388e+02, 2.000000000000000000e+00, 1.936110369555060515e+02, 9.983621840611692733e+01, 1.936110369555060231e+02, 6.011399856727686952e+00, -8.256939348853958194e+00, 1.042847387422396395e+02, 9.449747737669750336e+01
1.039500000000000028e+02, 2.000000000000000000e+00, 2.001214002516557855e+02, 1.032525995000001160e+02, 2.001214002516557855e+02, 6.333798748344308116e+00, -8.746048979064653395e+00, 1.078764918807203657e+02, 9.761620125165573825e+01
