0.2 0.5 0.1 0.75
1.156388320441901 0.6227235077388118 0.09868588559807752 0.75
1.682580072154414 0.8560559225391693 0.1294503926171891 0.75
1.978019594119653 1.113652499398491 0.1690372403422546 0.75
2.136404687372178 1.367762849457936 0.2104028856265612 0.75
2.211669459205992 1.606913686780169 0.2508040855380008 0.75
2.23656248685501 1.826393980634264 0.2889597414080782 0.75
2.231687659587539 2.02470768732666 0.3242540467530604 0.75
2.210023193666262 2.202093277169533 0.3564521030966161 0.75
2.179791365295513 2.35966519067868 0.3855352968556597 0.75
2.146229655293476 2.498945512152956 0.4116071069269893 0.75
2.112435441809361 2.621666501190294 0.4348524067643432 0.75
2.080175167331439 2.729583795742021 0.4554961518372196 0.75
2.050396635340361 2.824373174577279 0.4737766689989483 0.75
2.02354624531757 2.907587080097029 0.489930449614683 0.75
1.999690245696929 2.980645283695914 0.5041872495780055 0.75
1.978697231304358 3.044819597905942 0.5167624899648386 0.75
1.960342040016158 3.101233357462847 0.5278527685365392 0.75
1.944362956998845 3.150870883521763 0.5376348717550905 0.75
1.930492875532214 3.194591538264193 0.5462664171162541 0.75
1.918481584580729 3.233154672366231 0.5538884413461593 0.75
1.908074706767553 3.267195980257653 0.560622942448821 0.75
1.899063568566578 3.297297611962284 0.5665803075800872 0.75
1.89123708454197 3.323923394309314 0.5718526188965999 0.75
1.884436755127372 3.347515543691434 0.5765246248074114 0.75
1.878511912746368 3.368423305708997 0.5806659825029722 0.75
1.87334422861335 3.386978718643461 0.5843410569989953 0.75
1.868829297966716 3.40345354209397 0.587603754499216 0.75
1.864880002240788 3.418094200229456 0.5905025825972379 0.75
1.861410254677943 3.431131264086504 0.5930832154585083 0.75
1.858362965665898 3.442738130520377 0.5953802317568713 0.75
1.855688827935256 3.453067125437121 0.5974240339443476 0.75
1.853324613954847 3.462289190611977 0.5992482444522654 0.75
1.851245802316967 3.470497425025394 0.6008717645991668 0.75
1.849408353924857 3.477821309056331 0.6023201139088048 0.75
1.847782129249411 3.484357208091117 0.603612386647546 0.75
1.846347469563995 3.490176480901916 0.6047628307644523 0.75
1.845071852099195 3.495379496706335 0.605791276019274 0.75
1.843942246065585 3.500018314833448 0.6067080384891537 0.75
1.842939379722273 3.50415899289536 0.6075262321604388 0.75
1.842046771346422 3.507859665071646 0.6082574003302856 0.75
